MSE:
  mean: 0.05963133573532105
  std: 0.0

MSE:
  mean: 0.07137672305107116
  std: 0.0

