MSE:
  mean: 2.5897574424743652
  std: 0.0

MSE:
  mean: 0.0647239327430725
  std: 0.0

MSE:
  mean: 0.08417785167694092
  std: 0.0

